-3.292174976700839029e-01 1.000093279119827344e-01
-3.292174976700839029e-01 1.044606553456110531e-01
-3.292174976700839029e-01 1.133102128677349468e-01
-3.292174976700839029e-01 1.221597703898588405e-01
-3.292174976700839029e-01 1.310093279119827481e-01
-3.249071528424977151e-01 1.398588854341066279e-01
-3.119761183597390408e-01 1.531332217172924615e-01
-2.904243942218080465e-01 1.664075580004783228e-01
-2.645623252562908090e-01 1.752571155226022026e-01
-2.300795666356011404e-01 1.885314518057880362e-01
-1.912864631873252841e-01 2.062305668500358236e-01
-1.568037045666356155e-01 2.239296818942836109e-01
-1.137002562907735437e-01 2.372040181774694723e-01
-7.059680801491148572e-02 2.504783544606553058e-01
-3.611404939422182409e-02 2.593279119827792134e-01
-1.631290773532171126e-03 2.637526907438411672e-01
3.285146784715748530e-02 2.681774695049030655e-01
6.302388164026093142e-02 2.681774695049030655e-01
9.319629543336438449e-02 2.681774695049030655e-01
1.233687092264678237e-01 2.681774695049030655e-01
1.492307781919850751e-01 2.681774695049030655e-01
1.707825023299160971e-01 2.681774695049030655e-01
1.923342264678471469e-01 2.681774695049030655e-01
2.181962954333643845e-01 2.637526907438411672e-01
2.397480195712954065e-01 2.504783544606553058e-01
2.569893988816402408e-01 2.327792394164075185e-01
2.699204333643988596e-01 2.150801243721597311e-01
2.828514678471574784e-01 1.929562305668499900e-01
2.957825023299160971e-01 1.619827792394163690e-01
3.087135368126747159e-01 1.265845491509207943e-01
3.216445712954333347e-01 9.118631906242521956e-02
3.259549161230195780e-01 5.136331021286769105e-02
3.302652609506057657e-01 1.596508012437211632e-02
3.388859506057781967e-01 -1.500837120306151330e-02
3.431962954333643845e-01 -4.598182253049513946e-02
3.431962954333643845e-01 -7.253049509686682050e-02
3.431962954333643845e-01 -9.907916766323850155e-02
3.431962954333643845e-01 -1.256278402296101826e-01
3.431962954333643845e-01 -1.566012915570438035e-01
3.431962954333643845e-01 -1.831499641234154985e-01
3.431962954333643845e-01 -2.052738579287252396e-01
3.388859506057781967e-01 -2.362473092561588606e-01
3.302652609506057657e-01 -2.672207605835925093e-01
3.173342264678471469e-01 -2.937694331499641764e-01
3.000928471575022849e-01 -3.158933269552738898e-01
2.871618126747436661e-01 -3.335924419995217050e-01
2.699204333643988596e-01 -3.512915570437694646e-01
2.440583643988816220e-01 -3.645658933269553259e-01
2.138859506057781690e-01 -3.734154508490792335e-01
1.794031919850885282e-01 -3.822650083712030855e-01
1.276790540540540253e-01 -3.911145658933269931e-01
8.026526095060576571e-02 -3.955393446543889469e-01
4.578250232991610408e-02 -3.955393446543889469e-01
-5.941635601118377963e-03 -3.955393446543889469e-01
-5.335542870456665143e-02 -3.822650083712030855e-01
-9.214853215284252164e-02 -3.601411145658933721e-01
-1.352519804287045935e-01 -3.291676632384597512e-01
-1.783554287045666653e-01 -2.849198756278402689e-01
-2.214588769804287094e-01 -2.450968667782827404e-01
-2.688726700838769967e-01 -1.919995216455393783e-01
-3.033554287045666653e-01 -1.389021765127960162e-01
-3.249071528424977151e-01 -1.035039464243004553e-01
-3.378381873252563339e-01 -6.810571633580488060e-02
-3.421485321528425216e-01 -3.270748624730929893e-02
-3.464588769804287094e-01 -1.734034919875672128e-03
-3.464588769804287094e-01 2.923941640755795685e-02
-3.464588769804287094e-01 6.021286773499158473e-02
-3.464588769804287094e-01 9.118631906242521956e-02
-3.464588769804287094e-01 1.221597703898588405e-01
-3.421485321528425216e-01 1.442836641951685817e-01
-3.292174976700839029e-01 1.664075580004783228e-01
-3.076657735321528531e-01 1.885314518057880362e-01
-2.774933597390494278e-01 2.062305668500358236e-01
-2.602261183597390781e-01 2.151066730447261099e-01
